20030514.5 2452774.0  115.00  116.00 11 15 2.0493e-05 7.3400e-07  0.0000
20030514.5 2452774.0  116.00  117.00 11 15 2.4950e-05 8.8548e-07  0.0000
20030514.5 2452774.0  117.00  118.00 11 15 8.5301e-05 3.0770e-06  0.0000
20030514.5 2452774.0  118.00  119.00 11 15 3.3483e-05 1.1657e-06  0.0000
20030514.5 2452774.0  119.00  120.00 11 15 5.6226e-05 1.9501e-06  0.0000
20030514.5 2452774.0  120.00  121.00 11 15 1.6952e-04 5.8961e-06  0.0000
20030514.5 2452774.0  121.00  122.00 11 15 7.4193e-03 2.5694e-04  0.0000
20030514.5 2452774.0  122.00  123.00 11 15 6.9720e-05 2.3637e-06  0.0000
20030514.5 2452774.0  123.00  124.00 11 15 4.4318e-05 1.5255e-06  0.0000
20030514.5 2452774.0  124.00  125.00 11 15 3.2468e-05 1.1167e-06  0.0000
20030514.5 2452774.0  125.00  126.00 11 15 2.9129e-05 1.0023e-06  0.0000
20030514.5 2452774.0  126.00  127.00 11 15 4.0041e-05 1.3983e-06  0.0000
20030514.5 2452774.0  127.00  128.00 11 15 2.0889e-05 7.1044e-07  0.0000
20030514.5 2452774.0  128.00  129.00 11 15 1.6688e-05 5.6757e-07  0.0000
20030514.5 2452774.0  129.00  130.00 11 15 1.9275e-05 6.5523e-07  0.0000
20030514.5 2452774.0  130.00  131.00 11 15 1.6475e-04 5.6524e-06  0.0000
20030514.5 2452774.0  131.00  132.00 11 15 2.6430e-05 8.9904e-07  0.0000
20030514.5 2452774.0  132.00  133.00 11 15 2.1348e-05 7.1516e-07  0.0000
20030514.5 2452774.0  133.00  134.00 11 15 2.0494e-04 7.1782e-06  0.0000
20030514.5 2452774.0  134.00  135.00 11 15 2.0062e-05 6.6277e-07  0.0000
20030514.5 2452774.0  135.00  136.00 11 15 4.5138e-05 1.4781e-06  0.0000
20030514.5 2452774.0  136.00  137.00 11 15 2.8540e-05 9.2582e-07  0.0000
20030514.5 2452774.0  137.00  138.00 11 15 3.0698e-05 9.9490e-07  0.0000
20030514.5 2452774.0  138.00  139.00 11 15 3.0031e-05 9.6494e-07  0.0000
20030514.5 2452774.0  139.00  140.00 11 15 8.2695e-05 2.6990e-06  0.0000
20030514.5 2452774.0  140.00  141.00 11 15 7.0343e-05 2.2603e-06  0.0000
20030514.5 2452774.0  141.00  142.00 11 15 4.2316e-05 1.3464e-06  0.0000
20030514.5 2452774.0  142.00  143.00 11 15 4.5380e-05 1.4332e-06  0.0000
20030514.5 2452774.0  143.00  144.00 11 15 5.2590e-05 1.6567e-06  0.0000
20030514.5 2452774.0  144.00  145.00 11 15 5.1093e-05 1.5985e-06  0.0000
20030514.5 2452774.0  145.00  146.00 11 15 5.4919e-05 1.7174e-06  0.0000
20030514.5 2452774.0  146.00  147.00 11 15 6.7249e-05 2.0931e-06  0.0000
20030514.5 2452774.0  147.00  148.00 11 15 8.3322e-05 2.5960e-06  0.0000
20030514.5 2452774.0  148.00  149.00 11 15 8.5458e-05 2.6436e-06  0.0000
20030514.5 2452774.0  149.00  150.00 11 15 7.6852e-05 2.3737e-06  0.0000
20030514.5 2452774.0  150.00  151.00 11 15 8.6308e-05 2.6497e-06  0.0000
20030514.5 2452774.0  151.00  152.00 11 15 9.3622e-05 2.8688e-06  0.0000
20030514.5 2452774.0  152.00  153.00 11 15 1.1633e-04 3.5837e-06  0.0000
20030514.5 2452774.0  153.00  154.00 11 15 1.2916e-04 3.9572e-06  0.0000
20030514.5 2452774.0  154.00  155.00 11 15 2.1699e-04 6.6433e-06  0.0000
20030514.5 2452774.0  155.00  156.00 11 15 1.9303e-04 5.9245e-06  0.0000
20030514.5 2452774.0  156.00  157.00 11 15 1.9347e-04 5.9218e-06  0.0000
20030514.5 2452774.0  157.00  158.00 11 15 1.6910e-04 5.1595e-06  0.0000
20030514.5 2452774.0  158.00  159.00 11 15 1.6751e-04 5.0960e-06  0.0000
20030514.5 2452774.0  159.00  160.00 11 15 1.6478e-04 5.0018e-06  0.0000
20030514.5 2452774.0  160.00  161.00 11 15 1.8432e-04 5.5910e-06  0.0000
20030514.5 2452774.0  161.00  162.00 11 15 2.1590e-04 6.5436e-06  0.0000
20030514.5 2452774.0  162.00  163.00 11 15 2.5056e-04 7.5980e-06  0.0000
20030514.5 2452774.0  163.00  164.00 11 15 2.6825e-04 8.0585e-06  0.0000
20030514.5 2452774.0  164.00  165.00 11 15 3.0982e-04 9.4376e-06  0.0000
20030514.5 2452774.0  165.00  166.00 11 15 4.9446e-04 1.5036e-05  0.0000
20030514.5 2452774.0  166.00  167.00 11 15 3.3354e-04 1.0077e-05  0.0000
20030514.5 2452774.0  167.00  168.00 11 15 3.9903e-04 1.2136e-05  0.0000
20030514.5 2452774.0  168.00  169.00 11 15 4.3543e-04 1.3208e-05  0.0000
20030514.5 2452774.0  169.00  170.00 11 15 5.7484e-04 1.7318e-05  0.0000
20030514.5 2452774.0  170.00  171.00 11 15 6.6457e-04 2.0029e-05  0.0000
20030514.5 2452774.0  171.00  172.00 11 15 6.6896e-04 2.0224e-05  0.0000
20030514.5 2452774.0  172.00  173.00 11 15 7.3252e-04 2.2171e-05  0.0000
20030514.5 2452774.0  173.00  174.00 11 15 7.4132e-04 2.2460e-05  0.0000
20030514.5 2452774.0  174.00  175.00 11 15 9.0958e-04 2.7390e-05  0.0000
20030514.5 2452774.0  175.00  176.00 11 15 1.1145e-03 3.3576e-05  0.0000
20030514.5 2452774.0  176.00  177.00 11 15 1.2085e-03 3.6486e-05  0.0000
20030514.5 2452774.0  177.00  178.00 11 15 1.4659e-03 4.4272e-05  0.0000
20030514.5 2452774.0  178.00  179.00 11 15 1.6347e-03 4.9434e-05  0.0000
20030514.5 2452774.0  179.00  180.00 11 15 1.6263e-03 4.9363e-05  0.0000
20030514.5 2452774.0  180.00  181.00  9 15 2.0090e-03 2.9552e-05  0.0000
20030514.5 2452774.0  181.00  182.00  9 15 2.3919e-03 3.6323e-05  0.0000
20030514.5 2452774.0  182.00  183.00  9 15 2.2915e-03 3.7043e-05  0.0000
20030514.5 2452774.0  183.00  184.00  9 15 2.4677e-03 4.1612e-05  0.0000
20030514.5 2452774.0  184.00  185.00  9 15 2.1490e-03 3.6883e-05  0.0000
20030514.5 2452774.0  185.00  186.00  9 15 2.4540e-03 4.3527e-05  0.0000
20030514.5 2452774.0  186.00  187.00  9 15 2.8533e-03 5.1871e-05  0.0000
20030514.5 2452774.0  187.00  188.00  9 15 3.2080e-03 6.1237e-05  0.0000
20030514.5 2452774.0  188.00  189.00  9 15 3.4338e-03 6.8467e-05  0.0000
20030514.5 2452774.0  189.00  190.00  9 15 3.7797e-03 7.9919e-05  0.0000
20030514.5 2452774.0  190.00  191.00  9 15 3.9994e-03 8.4097e-05  0.0000
20030514.5 2452774.0  191.00  192.00  9 15 4.2808e-03 9.1166e-05  0.0000
20030514.5 2452774.0  192.00  193.00  9 15 4.6023e-03 9.6697e-05  0.0000
20030514.5 2452774.0  193.00  194.00  9 15 3.5681e-03 7.6359e-05  0.0000
20030514.5 2452774.0  194.00  195.00  9 15 5.8422e-03 1.3154e-04  0.0000
20030514.5 2452774.0  195.00  196.00  9 15 5.6609e-03 1.3380e-04  0.0000
20030514.5 2452774.0  196.00  197.00  9 15 6.3623e-03 1.5629e-04  0.0000
20030514.5 2452774.0  197.00  198.00  9 15 6.4294e-03 1.5964e-04  0.0000
20030514.5 2452774.0  198.00  199.00  9 15 6.4763e-03 1.5764e-04  0.0000
20030514.5 2452774.0  199.00  200.00  9 15 7.0626e-03 1.7289e-04  0.0000
20030514.5 2452774.0  200.00  201.00  9 15 7.7015e-03 1.8670e-04  0.0000